1 -5.01 -8.12 -3.68 -0.91 -0.18 -0.05 5.35 2.26 8.13
2 -5.43 -3.48 -3.54 1.30 -2.06 -3.53 5.12 3.22 -2.66
3 1.08 -5.52 1.66 -7.75 -4.54 -0.95 -1.34 -5.31 -9.87
4 0.86 -3.78 -4.11 -5.47 0.50 3.92 4.48 3.42 5.19
5 -2.67 0.63 7.39 6.14 5.72 -4.85 7.11 2.39 9.21
6 4.94 3.29 2.08 3.60 1.26 4.36 7.17 4.33 -0.98
7 -2.51 2.09 -2.59 5.37 -4.63 -3.65 5.75 3.97 6.65
8 -2.25 -2.13 -6.94 7.18 1.46 -6.66 0.77 0.27 2.41
9 5.56 2.86 -2.26 -7.39 1.17 6.30 0.90 -0.43 -8.71
10 1.03 -3.33 4.33 -7.50 -6.32 -0.31 3.52 -0.36 6.43
