64679 46480
54503 46998
31342 20173
32870 58255
44026 17901
35779 50971
34046 34973
42980 29029
65404 62688
3564 19771
13587 53094
13545 49638
34006 30887
58248 16658
26504 31927
43419 25647
12871 32386
7110 44213
52559 39980
36932 31050
57882 7176
16485 26392
42149 59465
55422 42017
56618 58986
61789 4669
46544 9798
54307 15014
40685 47019
31672 1653
13410 9555
27301 26282
41942 34411
4959 28965
8855 41892
60015 1201
49068 10965
27594 25681
4894 17480
2162 61512
10930 63951
645 57474
8213 54953
6952 48899
36436 38625
50552 49847
48180 12317
10593 24586
46728 15552
53552 55584
57444 48031
56785 40976
58996 18843
1121 63891
36323 3284
59867 47253
1699 60513
39191 9913
49930 46144
58812 20830
19233 43828
5141 1877
56146 15734
26464 37338
31287 14480
27386 23195
62511 18636
64172 55972
37479 65293
54327 8267
3041 48658
55520 4741
43635 29176
14654 28029
9784 7930
48860 29017
51758 54001
30894 42368
4200 57358
14171 35487
6302 41557
58682 3278
60193 57318
59250 32137
57076 48041
40404 60117
31163 30388
64858 9263
59564 13976
37292 3812
21906 20616
32829 8129
9082 63724
50497 13282
55546 64668
48769 61849
40690 41915
65127 35347
33698 58841
1948 25238